270 0 90 90
Weight 0.573220775332
90 180 270 270
Weight 0.90555491673
180 270 0 0
Weight 0.688047158158
0 90 180 180
Weight 0.88081860789
0 90 180 180
Weight 0.197312962395
0 0 180 180
Weight -0.237818866846
180 270 0 0
Weight 0.387719779274
180 180 0 0
Weight 0.450139453295
0 0 180 180
Weight 0.0843944600234
180 90 270 0
Weight 0.29278710558
180 270 90 0
Weight 0.0555325084599
0 90 270 180
Weight 0.125795324715
0 270 90 180
Weight 0.221575536708
0 270 180 180
Weight 0.308989719796
90 180 270 270
Weight 0.244459854222
0 90 180 180
Weight 0.0344821181578
180 270 0 0
Weight -0.158515755303
0 90 180 180
Weight -0.133609407222
90 180 0 270
Weight 0.181718722727
90 0 180 270
Weight 0.194105284123
270 0 180 90
Weight -0.416911590558
180 180 0 0
Weight 0.125867256836
