-0.99429865 0.31792286 0.68736148 1.12440673 -0.34083553 -0.19033797 3.04213197 0.42932938 -0.70088088 0.90207913 0.33874540 -0.49032137 0.90961841 -0.66093547 -0.78839677 -4.45450463 -4.90844501 -0.71235349 -6.09129553 -5.43507946
-0.36267557 0.91552143 -0.53707859 0.92966321 0.46176949 -0.28392265 0.32177748 0.60043305 0.25959464 0.93807905 0.64151755 0.81298712 -0.45928451 0.92571214 -0.53709968 1.88096935 2.45656062 0.33448270 4.26226974 5.25450905
0.25968019 0.39403492 -0.61254446 -0.55791839 0.02248951 0.97862402 0.26535969 -0.21780045 -0.23943929 -0.07990064 -1.03784630 -0.23793687 0.19792527 1.21191382 -0.55623993 10.28412725 11.35015635 -0.11902168 18.19301239 17.30742017
-0.71070584 0.27848658 -0.72382408 3.09056919 -0.14182277 0.28440933 0.60657742 -0.36282237 0.28397092 -0.06442056 -0.74457975 0.37013937 0.86047853 0.63691299 -0.74740805 -1.97754783 -6.23191821 0.44138763 -6.00986126 -4.09004541
-0.77446290 -0.60927648 1.02139407 1.26079876 0.73186678 -0.21456351 0.57551430 -0.53808891 -0.34964960 -0.06495577 -0.69181002 -0.53271836 -0.91242235 0.14705525 0.22663423 0.28056410 1.82076251 -0.77423708 1.41304715 3.49620290
-0.53608219 0.25725987 -0.21246406 -3.10132689 -0.95844216 -0.67468792 1.74273235 1.03399375 0.01677086 -0.57182717 -0.02118181 0.06667498 0.79446916 1.13430493 -0.11690830 5.05720527 10.08199453 0.38933394 15.53759389 13.70863308
0.83250713 -0.23115875 0.33926692 4.56602307 -0.79076725 0.64883239 -3.30345751 0.21248290 -0.55325928 0.40876384 0.05123626 -0.51601114 0.26502814 0.47415702 0.06822037 -0.58092372 -6.36586371 -0.75809517 -3.58817872 -3.26172880
0.62309452 -0.43237588 -0.19140051 0.53939129 0.21340836 -0.33229920 0.70136429 0.58078192 -0.90085444 1.04796243 0.20328629 1.00106351 -0.66797954 0.93744917 -1.01223310 0.41370787 1.42347248 0.31189252 2.08957732 3.58720438
-0.30960191 0.86289078 0.61259078 -5.18982967 0.11282100 0.95008456 0.81236145 -0.13665234 -0.49253082 0.60345018 0.38900943 -0.70406958 0.02490007 -0.42602035 0.05655252 1.73212300 9.70616944 0.41969073 11.94198977 11.57138370
0.81740596 0.96164055 -0.45799912 2.35262514 0.09933529 0.88650920 -1.98060139 -0.23701526 -0.22842488 0.25898862 0.15547635 0.57121750 -0.29186005 0.90415031 -0.90299779 -0.29300092 -5.45602923 0.56067289 -4.15647559 -3.74115427
0.55223351 0.78978172 0.92869560 -0.51998848 -0.55488349 0.62321154 2.24441440 -0.83462285 -0.26431962 1.04111430 0.58904545 -0.37751637 0.55814552 0.89519479 -0.62516892 -1.78587178 0.73534418 -0.61634454 0.63166503 1.40178274
-0.51706422 1.13304931 0.16154281 -7.51148171 -0.32238061 0.30218233 4.05004085 -0.61063821 -1.20764657 0.68353869 -0.90720405 0.68923326 0.94703712 0.57640952 -0.18090964 -2.55416144 9.74263284 -0.66004698 9.13194154 9.96417718
-1.05347699 0.10785936 -0.80236405 5.53813903 -0.54501518 -0.72093632 -2.74032670 0.50139090 -0.95696091 0.71207185 0.35221128 0.27220872 0.98868052 0.24322203 0.18817402 -0.84768301 -4.42532245 -0.48407180 -3.95915069 -2.16682239
-0.03015634 0.46810612 1.01265554 -2.28493130 0.78589899 -0.02937337 1.78106029 -0.25779459 -1.15812443 -0.61360308 0.60019847 0.15830397 1.00040680 -0.33072715 -0.35764045 -3.64658016 3.07152732 -0.86488983 0.54835416 2.18939816
-0.60722340 -0.32991490 -0.58193858 -8.69233552 -0.81857203 0.50726231 7.41106927 -0.84238039 0.12191375 0.72904302 -0.97304628 0.45510398 -0.96816669 -0.47737539 0.62255507 -5.62496967 11.61237639 0.07860332 8.11805020 7.41756710
0.31067168 -0.60712190 0.81728844 4.88426646 0.83883296 1.03907759 -3.06658060 0.66210470 -0.20199942 0.68830064 -0.69311865 0.81656141 -0.33883194 0.51499930 0.43357193 1.32667142 -6.10607109 -0.27753140 -2.58532913 -3.73465405
-0.39562323 1.31788548 -0.03462344 -2.24377567 -0.96641431 0.51528693 2.02428899 0.00773452 -0.39420919 0.17830990 0.27343771 0.97021331 -0.74119959 0.08667666 -0.74797657 -2.16021452 1.90187124 -0.79970333 1.63765545 0.83360206
-0.99580141 0.64719434 -0.68796534 -11.81287481 0.24480593 -0.35391802 8.31771906 0.62351638 0.20819801 -0.43670232 0.10064375 0.54887121 0.30701143 0.41820179 0.61853522 -6.07145590 10.54448363 0.49282686 7.60958770 5.75055471
-0.27110439 -0.31730605 -0.70435766 5.97925396 -0.83887803 0.34830497 -6.54519740 -0.28365308 -1.12357295 0.19532075 -0.03238064 0.79251698 -0.48487235 0.03283727 -0.54271096 2.02182030 -4.41032231 -0.53946514 -0.83378620 -1.31493618
0.19299210 0.89442107 -0.00681443 -2.87077153 -0.51120444 -0.08491093 0.56617655 -0.31240182 -0.40449921 -0.51634173 -1.01652551 0.52525281 -0.08445303 0.24696085 -0.53627732 -1.87193388 1.45221368 -0.86450994 0.24879692 1.30474584
-0.71029937 -0.22621150 0.67034240 -14.58676364 0.90796745 -0.34314716 10.77832943 0.44675222 -0.30245457 0.47128392 -0.66913019 -0.73176979 0.67411050 0.43386442 -0.22239236 -7.47336213 8.18024069 0.55900691 3.78937172 1.21828880
-0.70855068 -0.35944973 -0.76071232 7.02802765 -0.24093637 0.60168488 -5.49783023 0.39862814 -0.06866135 0.12652184 -0.71915064 0.13330469 0.12633661 0.88315158 -0.80180823 3.94696604 -4.13328003 0.72327701 -1.18300719 -1.24586261
0.81899319 0.21008493 0.05619795 -5.70247415 0.75664768 0.87665458 4.67879270 0.27006955 -0.10747711 -0.01102844 0.60912586 -0.22705531 -0.00863871 -0.06675461 -0.86405183 -2.03322170 3.06840961 -0.11175723 -0.93164949 0.97139528
0.69853270 1.20363352 -0.65630390 -20.33800052 0.35460206 0.64388317 16.02145848 0.91736169 0.07656909 0.01109624 0.61548955 -0.45760279 1.01327146 1.28084887 -0.57521004 -9.15278341 11.49390019 -0.65987050 0.61626390 -0.41153177
-1.06566417 0.11210737 0.11496197 0.15388112 0.48576612 0.06651350 2.77321876 -0.11434916 0.43368380 -0.57366482 0.28103310 0.94101529 -0.63597399 0.71882327 0.37281264 -5.02072502 -2.35548181 -0.69409820 -3.73702795 -4.44779006
-0.87352268 1.09014172 -0.89088255 2.55596502 0.69489330 0.99531113 -0.27686159 0.38432877 -1.07705745 -0.92969885 0.10618267 -0.78822261 0.07860295 -0.21427423 -0.71427437 1.86965424 0.69091454 0.90699927 2.61112662 1.82277792
-0.01227840 0.52842045 0.46552513 3.47418238 -0.06266421 -0.62065292 -3.46411751 -0.03398471 0.01571824 0.12504840 -0.25262063 0.96787648 0.95840278 -0.02923718 -0.73779395 9.95021678 7.10030510 0.11620915 13.57339129 12.90392688
-0.84976660 -0.75659770 0.27974697 1.02963613 0.37292309 -0.05115698 2.22000333 0.67459491 -0.02902344 0.07274002 -0.76121408 0.96097293 -0.40236232 -0.66882671 -0.88129352 -2.43484293 -3.99516001 -0.39136341 -4.70506882 -2.22729596
0.50905376 0.71621679 0.18763200 -0.00004998 -0.04158024 0.05192095 -0.09218375 -0.18048002 -0.29916823 0.10782790 0.36612651 -0.64123314 0.56406833 -0.53500835 -1.33731024 0.57946676 -0.09517474 0.89564914 -0.33436839 0.56627420
-0.93437817 0.34717379 0.47033185 -0.83216992 0.40509372 0.58693291 -2.94351909 0.13007641 -0.35255240 0.90310962 -0.37561724 0.49866279 -0.03631841 1.06565871 -0.39570321 4.46702506 5.93363864 -0.69962711 8.87538737 9.91136432
-0.98486511 0.67141391 -0.87570081 0.95522503 0.68453136 -0.16839215 0.43239780 0.12790888 -0.30534995 -0.73563935 -0.30227590 -0.69315507 -0.94832052 0.24656548 -0.10989268 -1.35740841 -5.12222946 -0.11554887 -2.48003758 -3.40046363
0.46967811 1.14565545 -0.28492112 -0.98175319 0.41697139 -0.73805776 0.38651363 -0.76990637 -0.60473825 -0.05432524 0.88880031 -0.69383842 0.91351450 0.57369859 0.57358611 -0.21472390 0.18678536 0.21275847 -0.39835795 -0.23269090
-0.85403300 0.37328980 0.67864993 -2.53990276 0.82747996 0.11766614 0.68197538 0.12411530 0.44862434 0.87066121 -0.86997550 -0.53489888 -0.41639963 0.47479707 -1.23071919 0.57763864 4.96301207 -0.98028061 6.76397569 7.11763646
-0.97843041 0.61081957 0.31422270 1.56685943 0.74159554 -0.44342591 -1.05075389 -0.47610950 -0.45719333 0.61083846 -0.63952495 0.25340842 0.92016022 0.99155907 0.61168217 -0.14790186 -4.39221678 0.62788145 -3.95543295 -3.58261880
0.64532466 0.40626715 0.98637718 1.03229933 0.74880865 0.76004175 1.01218906 -0.55748408 -0.32832325 -0.87448149 -0.55087939 0.72324103 0.06689003 0.60242868 1.10833905 -0.30118161 -1.54961871 0.85595659 -1.55698453 0.48853606
0.12606351 -0.63816053 -0.43520372 -1.91772919 0.90921320 -0.79976658 2.28926348 -0.81073331 -0.19669652 0.06989961 -0.25243737 0.29520655 -0.20079503 0.71988150 0.33352428 -1.96366315 4.05716700 -0.18453998 3.78762261 4.98569414
-0.05050271 -0.13009554 0.45364903 3.25700701 -0.43779403 0.29117027 -0.95079851 -0.77336960 0.10331069 -0.84685550 -0.93597385 0.40873805 -0.37691677 0.01221133 0.10576614 0.63950206 -3.37596076 -0.70731062 -1.34249795 -2.95949813
-1.15988680 -0.22466797 -0.47070981 -0.81978809 0.20438494 -0.90315479 -0.22519974 -0.48685081 -1.08087274 -0.84129485 -0.55292127 0.30279033 0.60388283 0.48704536 0.94461033 -0.18258154 0.04865080 0.79450432 0.70306891 -0.09459414
-0.54288283 0.59285697 -0.44232600 -3.68181731 0.55887108 -0.65089271 2.91611268 0.68723368 -0.89049390 -0.71731265 0.14836613 0.22415396 0.35359565 0.19521750 -0.21194520 -2.83328147 4.15473615 0.82428350 4.13390119 2.41138351
0.13300484 -0.85748796 -0.70641041 2.06741575 -0.66479391 0.26293119 -1.06344784 -0.35164673 -0.66792480 -0.80458126 0.10804054 -0.43787498 -0.37236716 0.96700215 -0.43344981 0.69980254 -3.50971729 0.02571412 -1.46227501 -4.31795408
0.63549451 0.65813848 -0.78024847 -1.46116666 -0.17975464 -0.31104101 0.07957790 0.51828526 -0.52948147 0.42122334 -0.52535998 -0.20696551 -0.02765342 -0.28408676 -0.64837168 -0.15995783 1.48654846 -0.03780492 0.20807477 -1.08605355
-0.70119727 0.94740510 -0.21687466 -7.50807174 -0.12013981 -0.79748012 5.93769431 0.94414896 -1.00292691 0.01461882 -0.20620497 0.97551646 0.50686237 0.10017172 -0.58281080 -2.03267323 5.47330145 0.13283550 2.91351395 1.06926697
-1.03225757 -0.79927598 -0.33927661 4.80205301 0.69234676 0.40523002 -4.23938476 0.22499297 0.46289950 0.98243076 0.39002937 -0.40647783 -0.32692796 -0.69271090 -0.95417023 1.24280998 -1.26283301 0.45014365 1.60353654 -1.27015994
0.03286911 -0.26391857 0.24602069 -2.10246037 0.15851978 -0.44833950 -1.14077688 0.86414748 -1.11966134 0.67563935 -0.49918623 -0.48067392 0.21110621 -0.63580356 0.99242772 0.02229685 0.53897866 0.46643473 0.62358462 0.08198924
-0.73505477 1.26682001 -0.67486748 -10.37201990 -0.49959304 0.91920553 6.05454195 -0.43063964 0.33293603 0.99343822 0.75366749 -0.72720349 0.44212043 -0.55429953 -0.20176129 -5.79456582 4.90117913 -0.87064004 0.96358556 -0.81695746
-0.81269764 -0.58528227 -0.62685227 7.81445858 0.45325055 -0.83467954 -5.40932106 -0.69924316 -0.58621886 -0.57680512 -0.82319901 0.79813556 -0.84909217 -0.12711257 -0.09272200 3.47525158 -1.16219620 -0.22651112 2.33258568 3.12892512
0.51833774 -0.51702904 0.22988430 -3.01271109 0.45477029 0.57892880 1.90743254 0.18760083 -1.28398544 0.84457331 -0.83763377 -0.83002171 1.00288170 1.07438794 0.50618949 -1.42895794 1.59717148 -0.23560300 -1.36983406 0.28020171
-0.40909024 1.41752630 -0.67918921 -15.86590301 -0.42500613 0.30482593 11.62132793 -0.22190288 0.44486835 0.95369044 0.11480685 -0.64711186 -0.17037759 0.79475593 0.95248620 -6.56426159 7.13429411 0.45006671 -2.52641078 -2.95661078
0.84122153 0.82658541 -0.28548069 -1.51539346 -0.82821649 0.44419237 4.12414086 -0.04622814 0.40204064 0.68837179 -0.09892747 0.21760041 0.95454522 0.65183338 0.67535406 -6.19245013 -2.31832642 0.45946148 -2.70218089 -2.98017291
-0.87033655 -0.82993917 0.43345819 1.43619639 0.50380998 0.55578097 -0.46348820 -0.27175687 0.02346299 0.18113250 -0.48771545 -0.30977477 0.26706566 0.72681773 -1.08675601 2.14677468 0.60281663 -0.38129210 1.67337235 3.70381733
0.04136133 -0.64392427 0.62502578 5.05375804 0.00433218 0.87607825 -5.67570066 -0.20618568 -0.10341182 1.05154726 0.60731512 0.97219340 -0.54332226 0.20036040 -1.39333628 10.86630685 3.63515009 0.55702200 10.68118451 9.52967141
-0.83476682 0.48413185 -0.47415979 -2.52286562 -0.52710753 0.81921312 2.04895731 1.09277150 0.61973184 0.83181786 0.12882850 0.07070057 -0.83707993 0.19917469 -0.86766035 -5.44687292 -2.67806895 -0.33754426 -1.07422711 -1.46276028
-0.13170113 -0.70100846 0.55994378 0.20779681 -0.49883815 -0.60740296 0.31952535 0.44736411 -0.35079826 -0.76088969 -0.66512787 0.91308041 -0.74574802 0.67401413 0.30986745 -0.34458312 -0.58859091 -0.84499849 0.20721693 1.92512925
-0.73392387 0.01343819 0.27094359 2.56931569 -0.65498078 -0.56388658 -3.88909631 0.00212931 -0.95360360 -0.72541626 -0.90660718 0.79513023 0.14119824 -0.16097820 -1.54890993 5.03279283 2.23679554 0.51280724 4.93268557 5.13864355
0.41921217 -0.57544979 -0.48027324 0.96894193 -0.36158944 -0.34247841 2.12063937 -0.73159609 0.11098639 0.15923561 0.62313275 0.08846697 0.09740745 0.38899632 -0.22400244 -0.87220715 -1.70963259 0.39477319 -1.66297196 -0.92810680
-0.68126566 0.66704910 -0.00908790 1.54839182 0.28500331 1.02190115 0.74924270 0.57358652 -0.51093379 -0.57806541 0.35192003 0.92570178 0.33361924 0.29177892 0.48635080 0.34639578 -0.20494795 0.41623727 0.34865930 1.02845402
-0.08681732 -0.59018171 -0.11458011 -0.61334903 0.70951410 -0.35041145 0.67892671 -0.61763141 0.72116814 -0.62367717 0.74201507 0.07280314 -0.57840678 -0.73254491 0.39521900 2.88548293 2.38098063 0.23300595 3.83692662 4.44000957
0.54053706 -0.40492398 0.46550867 1.53184909 -0.47865535 -0.31309121 1.73788501 1.03683273 -0.83140193 0.13067983 -0.00722278 0.52868892 0.93321770 -0.69281791 -0.92811787 0.09075372 -2.33834164 0.37452041 -1.78843454 0.36691546
-0.04459028 1.02367878 0.96251291 2.11971216 -0.64541356 1.03106919 2.73616153 -0.43215777 0.29411589 0.42510188 0.66244860 0.70469190 0.58941251 -0.51152907 0.30734328 0.48441645 0.67789541 0.52658131 -0.35666080 1.18371183
-0.68768001 0.67007445 -0.61601016 -1.40926457 0.38793046 -0.51559057 2.87718033 -0.49809399 0.19383182 0.07754124 0.82423131 -0.86846591 -0.11230383 -0.36537067 -0.43840685 -0.66586620 2.11933827 -0.65198362 2.84022956 4.02209743
0.54917474 1.02410920 -0.19668029 -0.45035450 -0.33563556 0.60007998 0.36396775 -0.67538201 0.22295812 -0.62431658 -0.00163814 0.13990050 -0.88277587 0.80506087 -0.35194260 -0.18453096 -1.76453134 0.84367707 0.28694179 -0.51146558
0.45977207 1.06481237 0.09247104 0.05184468 -0.65347452 -0.04094026 1.76641192 0.89123113 0.52030708 -0.01254932 0.84138553 0.51166818 0.54020769 0.83785298 -0.38743302 0.33852959 -0.54367422 0.42517805 1.48246078 0.48761406
0.22480662 -0.08644634 0.65671683 -4.22549317 0.52496040 0.17081611 3.33295707 0.69172321 -1.18434879 0.23191950 -0.61411822 0.63452672 0.28599556 -0.71752029 0.11145191 -2.67249888 2.68064770 -0.22739929 2.17266465 0.45811101
0.44472248 0.54589982 0.99050667 1.73840213 -1.02786731 0.55263200 -0.26469040 0.82687226 -0.96327282 -0.34890821 0.64740926 0.17939223 -0.91745689 0.66642794 -0.00219192 1.60819436 -2.17114778 -0.21559959 1.01726253 0.27168456
-0.63153154 1.12406565 -0.90257609 -0.02137587 0.39501734 -0.02824268 0.39370577 -0.71536431 -0.28941324 -0.76759901 0.57768285 -0.37843593 0.73526499 0.68097066 0.09326430 0.39105316 -1.21786543 0.05382620 0.72037179 -0.16229565
-0.26586955 0.87220868 -0.54276544 -3.90749712 -1.01562768 -0.63108606 3.23499016 -0.18946903 -1.15388663 -0.36327908 0.57169156 0.74422385 -0.95641602 -0.69613201 -0.80269975 -1.29061837 -0.18016853 -0.47593626 0.56445094 -0.56373770
-0.16410284 0.34279667 0.70262567 3.88069937 -0.44253396 0.43587650 -2.69080734 0.34449592 0.41543053 0.44766044 0.52772597 0.53657717 0.16324776 0.19883261 -0.03758264 2.11152432 -2.83117462 0.08360477 1.07763924 1.95226831
0.11203314 0.58474385 0.72114516 -0.19634454 0.02273308 -0.30193887 0.70144122 -0.08906369 -0.25770189 -0.26337559 -0.84838850 0.60341340 -0.28263317 0.33030801 0.32090436 1.13746056 -0.99564483 0.58616048 -0.81303692 0.48604583
-0.45137866 1.18324424 0.80906017 -8.58893051 -0.42981634 -0.68884518 6.68208728 0.35676353 0.21655808 0.51228165 -1.08609791 0.86122787 -0.04986803 0.95903982 0.05819359 -3.35023914 0.56063826 0.95288337 -1.27648921 -1.83754145
0.50342834 0.04031312 -0.86076786 5.73022262 -0.51393649 0.47345524 -3.81238570 -0.31153171 0.19746263 -0.65360362 0.06090865 -0.59065062 -0.49084922 0.78791457 0.47761783 3.06487639 -1.74711406 -0.92081309 3.83598691 3.81319405
0.69502237 -0.43633500 0.59590061 -2.03172542 -0.06230785 -0.81455531 2.85747254 0.27418576 0.02262703 -0.06930498 -1.04279061 -0.83816087 -0.04726547 0.11005088 -0.26957117 -0.42869269 -0.14384492 0.79340093 -0.22003863 -1.17766797
-0.03728764 1.38709925 0.47830267 -12.64987647 0.50873798 -0.69851158 10.25552323 -0.94046883 -1.18443555 0.94434787 -0.01356159 -0.57696579 -0.85690995 -0.83371247 -0.10773635 -6.53403839 2.63278627 -0.63882310 -4.91414376 -6.87264714
0.37321821 0.39387229 0.57784611 -2.02088749 0.08324503 0.54761317 3.08132214 0.15579635 0.44206649 -0.10941596 0.63905245 -0.55045573 -0.92581493 0.59888463 -0.26801160 -7.31240007 0.74517133 -0.72141527 -1.44149168 -3.86619047
0.80526976 0.01062945 -0.43734509 2.94455617 -0.05240007 0.01510918 -2.28534877 -0.15695118 -0.65169322 0.91231334 0.86242558 -0.55871784 -0.35958620 -0.66538447 -1.20828336 0.95234303 0.37181291 0.74093795 3.56186368 2.77156074
0.10591067 0.42691947 0.14633612 7.28532428 0.53369847 -0.26820443 -7.64550546 -0.53962463 -0.27523993 0.85902167 -0.97528469 -0.33459840 -0.03038425 -0.17969150 -0.60019640 10.65774961 1.41964457 0.38403753 9.75045661 8.66214761
-0.07347929 -0.15388168 0.51901533 -2.48669272 -0.81655395 0.99043063 0.11426443 0.89058838 0.11512873 0.07804682 -0.64425316 -0.45546899 0.48815874 -0.06146605 -0.80032868 -6.16334285 -1.10898510 0.97106284 -1.23083295 -2.35604086
-0.47421050 -0.53245573 0.42432845 0.73798683 0.32103995 0.42420816 -0.45116753 0.52886100 -0.13457967 -0.69522064 0.69877553 0.78686866 0.39672471 0.37816229 -1.53913336 -1.13752078 0.06761607 -0.77628155 0.87302263 1.93509635
0.93076520 -0.24559455 1.01082512 3.23701214 -0.42056178 -0.21576628 -4.25623313 -0.38034507 -0.78165191 -0.27394281 0.40393785 0.21949908 -0.54977806 -0.85372959 -1.02139252 4.72820451 -1.06450795 -0.34096105 5.39774503 4.29422699
0.42556193 0.51874233 0.53761350 0.58931233 -0.68653359 -0.13864444 -0.66230783 0.25037884 -0.18055311 0.06874476 -0.35203953 -0.77441236 -0.03896113 0.99681854 -0.58891705 -2.58839888 -2.60770268 -0.17118221 0.30190338 0.37045143
-0.78917273 0.41974443 0.26294449 1.37671078 -1.02882268 0.63235174 -1.05248289 -0.32013560 -0.59990205 0.15006839 -0.49292082 0.93389859 0.36268675 0.68839391 -0.85015576 -1.64666339 -1.37836811 -0.87661069 -0.05429733 0.23866306
0.08147182 -0.84318618 0.74396997 1.92208296 0.49044458 -0.82217812 -1.92616473 1.05213001 0.76621041 -0.26568765 -0.44764458 -0.26108650 -0.41961316 0.77711292 0.48350998 1.37245931 -0.73592114 0.51841261 3.72987744 2.70740538
-0.34280607 0.78754735 -0.57036551 2.73261707 -0.62015860 -0.21786365 1.33317881 0.93573969 0.31007377 -0.12004110 -0.15421980 -0.00666466 -0.41751464 -0.36598683 0.35648175 -1.71460177 -0.48351768 -0.71776589 1.26643871 3.03720123
0.94603517 -0.51317772 0.86831161 2.45683184 -0.60391511 -0.56739493 0.81217814 0.36671986 0.04447057 0.90170704 0.46721812 -0.81797335 0.01194665 -0.23763853 -0.70263283 -0.54444412 0.31896152 -0.17461525 -0.87956750 2.89600460
-0.62086706 0.40890562 -0.39925009 1.39468491 0.91550180 -0.82940087 0.52939875 -0.25486823 -0.82792286 0.49698250 -0.95324662 -0.21409558 0.14117290 -0.10691279 0.19732751 -1.08888212 0.28495904 -0.90705559 2.38604570 4.74588406
-0.14595292 -0.33186005 0.95535225 -1.39434019 0.53126396 0.26355640 2.27693033 0.71263000 0.61343777 -0.79804892 0.73985135 0.28841096 0.37784921 0.23542945 0.27729640 -1.15164892 -0.23874928 0.51707293 -0.27864764 0.29804592
0.30059603 0.65091665 0.74019514 -1.95443072 0.13210927 1.08565943 3.32182900 -0.68057041 -0.10085694 0.62348918 0.68611668 -0.62813138 -0.58641022 -0.35258392 -0.74277923 -1.31389603 0.25521582 -0.61812352 -0.31080889 0.75090166
0.41771593 -0.54583227 0.96506145 -2.09821113 0.45983054 0.86205530 2.61478160 0.34586135 0.40764209 -0.18154300 0.48051090 0.00944988 0.19927896 0.40328005 -0.27842259 -2.11492859 1.64946713 -0.85186318 -0.93467527 0.19212412
-0.60250770 0.19917780 0.74654318 2.56482499 -0.36296511 0.86278133 0.93055889 -0.83926481 -0.11617310 0.81560429 0.71869029 1.00013167 0.94769936 0.42796356 0.68212818 0.57659154 -0.49938733 0.56191105 -1.25821305 -0.44200814
0.83132345 0.39168170 -0.02588144 1.05338256 -0.75095502 -0.10306656 1.79112782 -0.68279518 0.74886317 -0.29324744 -0.78658188 -0.67336649 0.15724261 0.08092575 0.15302198 0.15654404 -0.68048526 -0.10794339 -1.20355409 -1.40019288
0.27426395 0.73260780 -0.21379663 -0.69982759 -0.92841633 0.67711688 4.12904243 -0.22826101 0.83921020 0.89715060 -0.68157717 -0.53693297 0.63617729 0.43896982 0.82922547 -0.96555669 -0.12031502 0.13199420 -3.46193730 -1.78196947
-0.99927726 0.49582347 0.10008033 3.80401571 -0.81177275 0.45280036 -3.85183720 0.00390402 -0.61369563 0.95494627 0.78715005 0.68921200 -0.76282974 -0.51830367 -0.16350123 2.38836639 -1.47542920 -0.98528571 2.27875684 2.59873414
0.80266298 0.18859302 -0.48803576 -0.11795496 0.06735659 1.05292536 0.79265197 0.96554038 -0.81470551 0.51290230 0.63540108 -0.78214615 0.68821807 -0.63980520 0.65542790 -0.38045910 0.09494153 -0.64974461 -1.59998629 0.38378051
0.20013357 0.36700138 0.53760910 -5.41474282 -0.28100467 0.49667195 6.07421174 0.07403681 -0.64862230 -0.68216571 -0.06296357 0.01348350 0.55719485 0.80574003 -0.18830571 -1.95982492 0.12932022 -0.50348627 -3.10844802 -3.07264005
0.54413531 0.33225781 -0.03499529 6.01429353 -0.55138310 -0.66678378 -3.70626248 0.81009105 0.53038216 -0.78819826 0.82889621 0.76826869 0.28646646 -0.18043478 -0.34395170 2.73798804 -1.06474477 -0.39393834 1.88310591 2.50298780
-0.96648256 0.73012908 0.59024226 -1.83286495 -0.18230096 -0.43888303 2.96409529 0.92391154 -0.23665722 -0.32793879 -0.85197793 -0.41920377 -0.96428662 -0.24915575 0.17383223 -1.06878105 0.06630143 -0.30723638 -1.73410821 -2.62261329
-0.77161768 0.57520231 0.14107068 -10.92644795 -0.46943426 -0.36605058 9.33417601 0.26010430 -0.09020336 0.80232128 0.08488448 0.20081863 0.20288675 -0.49815017 -0.29009857 -5.59998739 0.23292761 -0.54677462 -6.95114566 -9.85496488
-1.02745520 -0.19237590 -0.51403928 -3.07802897 -0.10911783 0.55566253 3.46465057 -0.61231851 -1.04702938 0.45631853 -0.13288257 0.19605481 -0.80446222 -0.50140756 -0.32850182 -4.85793478 -0.49035203 -0.99481691 -1.88383466 -1.91176023
-0.00156362 -1.07674048 0.35136305 2.36221548 0.05846955 1.11171003 -1.11925065 0.22445719 0.22825256 -0.26771686 -0.34755132 -0.75514976 -0.87672573 0.37429651 -1.48306332 2.37001071 0.20243051 -0.54709086 1.70030505 1.88750701
0.83218822 -0.02047064 0.29890858 8.05422938 0.06695764 0.17908386 -7.61820030 -0.89340498 -0.47281562 0.49494389 -0.58930866 -0.82664254 -0.70866907 -0.61222071 -0.29989316 12.17980398 -1.56239183 -0.33978885 8.03258565 7.29083143
-0.61179315 -0.43664546 1.03973514 -4.72838698 0.26849026 0.53591408 3.93427297 1.04022631 -0.34235204 0.28102889 0.60058368 -0.55395776 0.99865505 0.68935923 -0.58264351 -5.52821121 -0.42850728 0.98958929 -0.65137717 -1.38808224
-0.41724977 0.13003263 0.18748621 0.19033770 0.16324124 -0.82936347 0.16369533 0.51889411 -0.47274636 -0.01776777 -0.19504322 -0.05876194 0.38258172 0.79074661 -0.33737140 0.02952254 -0.43418553 0.24310547 -0.33182211 1.42104657
0.79308949 -0.72023323 -0.74968947 3.25285839 -0.34294568 0.39884656 -3.97424540 0.85752155 -0.13507279 0.00377458 0.85776223 0.34794108 -0.89303591 -0.83410099 -1.56718628 5.81889578 -0.72563346 0.31821524 3.57620306 2.82127272
0.18835527 -0.28529109 0.31170185 0.29550626 -0.85519987 -0.07699814 0.46910290 0.67166268 -0.99077110 0.97935003 0.51622860 0.12507824 -0.34772777 -0.60366183 -0.84551910 -3.20159244 -1.66515412 0.60916254 2.31721482 0.53494798
-0.00422101 -0.38156781 -0.05648172 0.94190132 -0.20839671 0.81777467 -1.82620771 0.84932729 0.50866357 0.35540649 0.05980944 0.96146878 0.40077218 0.10863527 -1.21963403 0.22221845 0.32609058 -0.13758524 1.11821082 1.03579774
-0.41699686 0.72759117 0.55078919 3.03424504 -0.44596502 0.78989478 -3.87683166 0.76332824 0.14625033 0.70236726 0.09317409 -0.04146894 0.38994706 0.91838045 0.14181689 1.31849348 -0.95735178 -0.38765484 3.01294023 2.33969784
-0.46100859 -0.28793367 0.01440491 2.35694137 0.82699333 -0.82196315 0.13744158 -0.09153593 -0.60373073 0.87194272 -0.86561860 -0.77723148 0.41591674 0.10775275 -0.29204500 0.68519574 -1.10083026 -0.60675941 -0.53925765 1.19033130
0.73620224 0.68472019 0.01321108 2.17244873 -0.00563863 -0.65101678 -0.86587630 -0.50330632 0.05264702 -0.54393308 0.19367564 0.85974461 0.57931528 -0.51057430 -0.78722527 0.44709973 0.16639556 -0.48518039 -1.15402814 0.54430955
-0.84950414 0.20244990 0.99857573 1.86170142 0.41639655 -0.44226914 -1.40375874 -0.02275901 -0.97629059 -0.79492536 0.33763403 0.54235295 0.07571885 0.50935866 -0.71742931 0.89800787 -0.27319460 -0.42564894 1.14710617 0.87455634
0.57266300 0.78401094 -0.37405885 0.90501085 -0.33886448 -0.78929049 -0.11030724 0.63030105 0.85117298 -0.69822122 -0.70782956 -0.18484972 0.08960206 0.95139343 0.08981459 -0.01761702 -2.40369410 -0.04733370 -1.31801027 1.47490909
0.43458697 -0.66678740 -0.12811066 -0.08137203 0.20282492 -0.53537834 0.20116467 0.95438351 0.74112611 0.01365451 -0.47088289 0.84385126 0.11831014 0.90947174 -0.56215236 -0.92683194 -0.98663386 0.74649687 -2.55337179 0.42786363
-0.91466882 0.21770347 -0.58909266 0.52260541 0.08602813 -0.17945887 -0.54951472 0.34221863 0.29427490 0.94194776 0.20950140 -0.26924630 -0.37672243 -0.89509191 -0.81287068 -3.28465383 -2.16675266 0.28496393 -2.33825980 -0.09817330
0.71797671 0.98983379 -0.10224729 1.19043375 -0.31664646 0.90104779 -1.36029032 0.21446202 -0.89742732 0.98589497 -0.79091657 -0.61934133 0.95182797 0.29781042 0.50813491 0.65536107 -0.28507671 -0.12367102 0.53473799 2.16153545
0.14055536 0.40050323 -0.11799763 0.34257199 0.04188711 0.22098442 -0.70360034 -0.46559342 -0.37520151 0.18574496 -0.90044822 0.25173485 -0.49128661 -0.10642411 -0.54602069 -0.02594938 -0.12177048 0.00681318 -0.72994993 -0.62171548
0.71858425 0.08621749 -0.24818194 -0.31003804 -0.33413350 0.38798660 2.07036877 -0.15392324 -0.38164867 0.28981383 -0.00556927 -0.79711478 0.23168049 0.72287310 -0.16269805 -1.48135475 0.90223907 0.85967899 -2.69683102 -2.56863944
0.19681505 0.62301153 -0.77124414 1.50143885 -0.53266639 -0.58523206 -1.90727359 -0.82023323 0.13682989 0.35211824 -0.05484698 0.37053167 0.87445579 0.49781790 0.00749540 2.08648281 -0.96413469 -0.38788231 2.61775656 3.97641849
-0.59877591 -0.15541417 -0.64505914 -1.95568764 0.26242526 0.48543066 0.87821277 0.58675203 -0.68631928 -0.47745809 0.13894355 0.50977834 0.12971232 0.19552607 0.53510225 -0.31006605 -0.68713835 0.12706398 -0.87957256 0.01227411
-1.14351182 0.21391455 0.38894490 -5.26614663 -0.10421293 1.08358298 5.68685013 -0.13875427 0.89962830 0.70158396 -0.84214815 0.98815174 0.82303670 0.56800358 -0.24236625 -3.61787373 -0.97490716 -0.20469073 -4.43349713 -4.02659993
0.84295466 1.11402971 -0.56415843 2.78280464 -0.67820596 0.05658762 -5.60556472 -0.66686579 0.81746917 -0.39956202 -0.83063964 -0.31957494 0.78740592 0.69585126 -0.86821686 2.91943757 -1.02633811 0.00076231 4.60789571 3.85914650
0.56645480 0.68234855 0.79550381 -3.67931019 0.90530598 0.72727481 1.99682748 -0.61492024 -0.09094856 -0.87296919 0.14742211 0.59136223 -0.75022480 -0.10186748 0.75203823 -2.39567010 -1.35977431 -0.94019932 -2.61070857 -1.40230501
0.69771504 0.25731685 -0.17035427 -11.93908797 -0.69921656 0.27737460 8.65163762 0.57730740 0.77754480 0.92484378 -0.95529034 0.71393126 0.95153065 -0.73701183 -0.58474586 -4.66021926 -2.12044772 0.79213964 -10.11691005 -9.92784945
0.92336509 -0.92538812 0.40094972 -3.58367720 -0.55052527 0.67400185 6.36083434 -0.36617170 0.38805175 0.00652176 -0.82325822 -0.42809837 -0.54615245 0.58642161 -0.79667851 -6.03791118 -0.68267417 -0.57309510 -0.97591649 -3.11805191
0.09782877 0.12000802 -0.36537891 3.11738609 -0.85471570 0.66246035 -1.04334456 -0.27947039 0.18173971 -0.36775134 0.69865556 0.20569557 -0.11598678 -0.83460603 0.23993407 2.37095744 -0.74762747 -0.99053063 0.32893558 0.44608925
0.36654761 -0.00396622 -0.12989464 10.23283801 -0.62445859 -0.05613399 -9.66112676 -0.07692661 -0.68278953 -0.61424792 0.80743471 0.23086949 -0.74775241 0.67761057 -1.19918126 11.11240764 -4.33105213 -0.20771564 5.23946966 2.54744220
-0.45715575 0.19939067 -0.52624378 -4.01613072 0.93222943 -0.31763323 4.94957437 0.00779246 0.58744543 1.08627220 -0.72022447 0.86101413 0.97020150 -0.05431838 0.33323057 -5.14405463 0.77843670 -0.11674315 -0.76139395 -0.67325021
-0.55137939 0.65555958 1.02679218 0.38713334 0.73172398 0.19302630 -0.14264102 0.77963250 -0.95837673 -0.68438412 0.38105702 0.56590315 -0.48654186 -0.29144545 -1.12270567 -1.47918746 -0.08026433 0.86329637 0.02004163 -0.39166286
-0.41639891 -0.11987505 0.77264745 6.32764603 -0.49336229 -0.79873317 -5.56416857 -0.17245311 0.89404332 -0.39065154 0.35310771 0.27117513 0.52635560 0.86155571 -1.27478120 5.11274781 -0.55222879 0.72280414 2.56031415 0.51268209
0.44823060 1.24251572 0.61257841 -0.59075566 0.73160390 -0.50620637 3.26418558 0.30697186 0.47997003 0.42493915 0.31633395 0.75828856 -0.22166818 0.19234642 -0.42872737 -2.87011142 0.44847218 0.04193703 0.21725140 0.70711787
0.03314499 0.13154044 0.20643358 0.66441557 -1.05203237 0.41669538 -0.25217487 -0.68855358 -0.08522315 0.57300947 0.39438096 -0.77093214 0.26798510 0.00531284 0.29953232 -0.42341930 -0.18946875 -0.48296278 -1.23498016 -0.21764327
0.22119081 -0.35456419 -0.38545641 4.47676190 0.34047774 -0.06687767 -2.86709184 0.99201652 -0.29367963 0.41614743 0.65020384 0.26333809 0.18911244 -0.08082043 0.64128289 0.82103991 -0.12769796 -0.59103932 0.59141092 0.41104093
-0.73452596 -0.77164649 -0.08165877 -1.12828479 -0.14128926 -0.70886242 1.87070684 0.26766558 -0.93879621 -0.08387630 -0.07842338 -0.30109052 0.59312999 -0.89972075 0.48452797 -0.35863886 0.61911457 -0.77097599 0.62352286 0.71494509
-0.22966886 0.03850154 -0.56041509 2.90686116 0.54135351 -0.80691703 -0.95654132 -0.22479714 0.01794822 0.30277117 0.74944714 -0.58199677 0.53753691 0.60911393 -0.62867318 0.01762687 0.18318980 -0.72834167 0.35398703 -0.00129553
-0.53045372 0.71483087 0.31987133 2.89229835 -0.81885024 -0.11572841 -1.61860721 0.13078110 0.72081927 0.78222027 -0.34983555 -0.54226813 -0.88506070 0.43484863 1.09688907 -0.55035014 -0.39293513 0.62004155 -0.02803958 0.33090283
0.53874881 0.49229317 1.00458839 -1.17129312 0.10724154 0.61476442 0.07825574 -0.46862143 0.58957916 -0.00669735 0.64863415 0.52436752 -0.27309504 -0.14226256 0.85940867 1.09098574 1.86166158 0.24209033 1.88061647 1.48374760
-0.22663060 -0.53871973 0.69221137 0.82578285 0.21469931 0.25656310 -1.55838065 0.28134728 -0.20260111 0.85921051 -0.95973258 0.07531982 0.79082470 -0.12461866 -0.36274135 -0.38347310 -0.25579855 -0.25027265 -0.90636547 0.58607927
0.79992905 -0.59757746 0.53639139 1.03239198 0.11079835 0.46359334 -2.70024592 0.78844174 -0.88035865 -0.37211999 0.48031460 -0.39061799 -0.77971094 0.70691095 0.76843968 -2.12913121 -2.83961251 -0.15460248 -1.04953163 0.11903624
0.53717321 -0.53347966 -0.38985543 -0.33028422 0.56257309 0.63719281 -2.15827663 -0.40302787 0.34850806 0.90254093 0.04116979 -0.78742381 -0.32933239 0.18055799 0.26829098 2.00514855 0.43671227 0.69391350 1.94204956 3.26758882
-0.77757391 0.52942036 0.30570049 -0.24699029 -0.50106745 0.40268717 -0.78321667 0.81519664 -0.87924817 0.92613221 -0.07474846 0.55269527 -0.67288929 -0.00274414 -0.33086882 -0.58099031 0.30052785 -0.81239658 0.36550074 1.59039541
0.20408596 -0.16290977 0.97357413 0.13668009 -0.47584241 0.68358116 -1.03496228 -0.04664575 0.33821042 0.96721186 -0.56783455 -0.72472850 -0.10178192 -0.68806023 -0.25668364 -1.31319567 -1.68898573 0.43296841 -2.39525809 -3.91727183
-0.14850223 0.95758521 -0.64316540 1.22912911 0.60558601 -0.58187564 -1.87705132 -0.88611156 -0.99193249 -0.61923419 0.67735603 0.09918238 -0.08279459 -0.00064880 -0.42393569 1.46974133 -0.19637906 -1.00189655 2.83937258 4.15568800
0.18755854 0.93021891 0.88439405 0.18741384 0.25054564 -0.78293523 0.16154582 0.47918083 0.46023804 0.47566987 0.90483960 -0.64302089 0.14543459 -0.64754009 -0.65385129 -0.42063636 0.04069577 -0.84714435 -1.51828134 -0.29392307
0.23851295 -0.51873732 0.17096231 -2.84508133 -0.57145607 -0.32928443 2.88951390 0.28286146 -0.77951755 -0.13510100 0.68431766 -0.18029450 -0.56976460 0.14352146 0.46565134 -2.97540450 -3.45420517 -0.78792679 -4.97525627 -5.20832378
-0.49969747 -0.07788307 -0.61580031 3.35682698 -0.35793599 0.01157016 -1.53630039 0.38457438 -0.73157724 0.21126128 -0.44222985 -0.58226680 0.54507213 0.49262882 0.07496018 2.24010293 0.70318445 -0.84164084 3.24691529 4.83208745
-0.62324177 0.31890627 -0.46681748 -1.52366204 0.63651751 -0.33587461 3.16191315 0.15031508 0.23867959 0.06587436 0.36002810 0.46360746 0.04752326 0.05154577 0.52920225 -0.80420217 -1.75733608 0.26359156 -2.66159904 -0.90127319
-0.72268860 0.00288679 0.42675137 -8.13580506 -1.03764924 0.92228221 9.50733914 0.74427791 -0.73449666 0.77034233 0.51826283 0.02084298 -0.28959966 0.14729319 -0.42435865 -5.60911250 -5.13523473 -0.57348220 -11.92775938 -10.90860680
-0.85095348 0.54367381 -0.74873499 -4.90064981 -0.82685297 1.03152587 4.84799123 -0.66915953 -0.06181035 0.64985716 -0.17763799 0.99779303 -0.09302673 0.75191648 -0.34536910 -5.67386706 1.91042335 0.57337168 -1.59533837 -2.17415891
0.98227169 -0.05984829 0.08816371 2.81092961 -0.53351808 1.11846787 -2.87883227 0.71009089 -0.34540425 0.40827535 -0.61093599 -0.69160426 -0.84711007 -0.72992533 -0.91905171 1.14050422 -2.28667590 0.79121456 -0.13317887 0.07852206
0.86271677 -1.07548526 -0.93570031 14.84606827 0.57686904 0.99018352 -12.10740109 0.70856344 0.07363227 -0.89071718 -0.83727167 0.28955954 0.00331681 0.30680320 -1.17497718 11.48077518 -6.61113435 -0.64871462 2.36173475 -0.42625913
0.06820982 0.32140341 -0.82502063 -5.10527618 -0.95037297 0.40649129 3.35556769 -0.10795484 -0.17453614 -0.21155483 0.52484465 0.71998069 0.73659085 -0.12646708 -0.96089889 -3.54141188 3.54329946 -0.52518403 -0.11743584 0.38600734
0.05434921 0.60519848 0.62184327 -0.26099752 0.57362035 -0.04377354 -0.70568394 -0.37830814 -0.39201337 -0.79508008 0.27485908 -0.14529395 0.49271906 0.86321663 -0.29389553 -0.32014354 0.62038991 -0.16869377 -0.55416883 -1.39020909
0.63824321 -1.30133292 -0.10522899 7.21949880 0.20237763 0.14479932 -9.46108689 0.60143929 0.10806926 0.12421500 0.87432615 -0.02879073 0.13694220 -0.74800225 -0.23670194 5.88217937 -3.80478456 -0.09910615 -1.63612461 -2.84863885
0.51064566 -0.43418091 0.83025716 -4.74345019 -0.89835150 0.25237179 3.22060065 0.91506387 0.22375691 0.59932364 -0.85858576 -0.81996139 0.47275479 -0.87894571 -0.89160129 -1.67067382 3.15753462 -0.98274521 1.74343853 3.09950796
-0.28158299 -0.59006812 -0.24630629 -1.78878777 -0.90222950 -0.36632377 -0.53830507 0.78136373 -0.64200467 -0.12097772 0.11277867 0.35576913 -0.63874993 -0.46687801 0.51193572 0.11467706 0.06424016 0.76049649 -0.67155354 0.82073435
-0.98976147 -0.65241773 0.33411118 3.43909304 -0.90534561 -0.85777159 -5.35495117 -0.44732515 0.02446101 -0.19736319 -1.04525723 0.95641297 0.77417381 0.89277314 0.82703697 1.85365650 -1.64921207 -0.86341015 -3.00893218 -3.80551852
0.63180331 0.06242469 0.42430985 -1.77633969 -0.86070259 -0.32571520 3.53663061 0.17316125 -0.67372952 -0.50368524 -0.49918073 0.60169780 -0.11440200 0.64886923 0.43343721 -0.66968650 2.79174795 0.17692698 3.63986173 2.29931240
-0.65038978 -0.31106534 0.48465667 1.27838214 -0.21787550 0.83741019 -0.78119991 0.27189518 -0.23326194 1.00666137 -0.23817123 0.78551013 -0.42448729 -0.37754408 0.32366125 -1.22687172 -0.85129367 -0.75783385 1.21022625 -0.48842045
-0.88171157 0.47739714 -0.16413894 4.68853485 -0.54607928 0.95820437 -4.41577318 0.66113997 0.30448415 0.16533837 -0.72456429 -0.39518898 0.99184939 -0.58204760 0.62064063 -1.71883489 -4.41927574 0.86003413 -2.40565259 -3.28347854
0.31995350 0.69127457 -0.16300315 -0.75481910 -0.53243407 -0.80123135 0.93947845 1.06651102 0.72170846 0.06493869 0.91237833 -0.18566174 0.38160852 0.59615682 0.57535320 2.72185315 4.19410642 -0.00303494 1.93682709 3.07337055
-0.71566803 -0.09886540 -0.71586229 -0.15557026 0.33550987 -0.38986119 0.09120633 0.84542684 0.50573591 -0.90062809 0.16250593 0.94133958 0.27988862 -0.16162866 0.09632197 -0.01247542 -0.31924834 -0.87681065 -0.40166006 0.35566877
-0.20516812 -0.12813959 0.72430610 3.40155989 -0.18728661 -0.71629924 -2.99816569 -0.11635441 0.21867603 0.64886097 -0.36426459 0.75650560 0.86178694 -0.41596720 -0.67568807 -2.31344128 -3.56787578 0.50894522 -4.78968402 -5.60192368
-0.68997289 0.58123361 0.81473496 1.00733634 0.71546999 -0.70555503 -0.71101849 -0.41616222 -0.55053125 -0.55135021 -0.66438252 -0.35354472 0.30460225 0.54536761 0.51240620 3.64351144 4.09475751 -0.84280773 2.94193994 4.98101642
-0.28636511 0.45744230 0.33565338 1.30052363 -0.18878553 -0.49620839 -0.39790148 -0.24712886 0.45353057 -0.50058433 -0.85461819 -0.11533278 -0.30679932 -0.81581000 0.10504106 0.85927936 0.73208625 -0.74010690 -1.06434514 1.44661325
-0.26286768 -0.72249466 0.23186917 3.06898562 0.71937212 -0.33045233 -2.96995450 0.26159343 0.60573560 0.33130124 -0.41778821 0.58091122 0.14442387 -0.04757824 0.06210718 -2.29525953 -4.42686100 0.78997131 -6.21979233 -7.81957475
-0.06648490 0.64347397 0.33268890 -0.15217128 0.90737503 0.43919309 -1.43618310 -0.54877831 -0.99893407 -0.20781799 -1.06500761 0.34302093 0.91690608 -0.24417356 0.05252338 1.43407014 3.78105452 0.42983455 4.02724336 5.49638900
-0.45350398 0.31256331 0.70357051 -1.57941929 -0.57442730 -0.13045781 0.04479844 0.16884687 -0.30849900 -0.38029719 -0.95674584 0.49208734 -0.64759001 0.29204245 -0.97206523 -0.07392196 1.04574065 0.73469442 -1.20438689 -0.31047091
0.54734666 1.19989300 -0.24899314 -1.69420975 -0.03407091 0.28166447 0.47241471 -0.38421846 -0.13924388 -0.61994044 0.28910862 -0.08341601 0.14120243 -0.38903581 1.04840875 -3.25503670 -3.97973005 -0.79272187 -7.69079774 -8.59106458
0.26326981 0.76709501 -0.76937558 1.41923425 0.09005758 -0.49575267 -2.32701905 0.54886239 0.40364729 -0.44699028 -0.06137119 -0.28080013 0.24752343 0.60489359 -0.06294971 2.92988178 1.11709940 -0.16756783 5.29959025 7.30020111
-0.74843280 0.38509622 -0.38400957 -1.94499698 -0.12357339 0.84230914 2.56666352 -0.27570217 0.44750979 0.55452766 -1.00163144 1.02309401 0.88113237 0.29194518 0.82415363 -1.44812882 -1.73582434 0.50152039 -2.02656277 -0.33178674
0.02999070 -0.14465779 0.97222065 -6.58505465 -0.49952828 0.56768293 5.06100310 -0.62253908 -0.38229537 1.00174661 0.87831928 0.57170097 -0.83443790 -0.75760628 0.94202868 -6.27698520 -7.82982045 -0.39662324 -12.91741625 -11.83082399
-0.68061740 0.45242165 0.98713065 -4.50785896 -0.81330825 0.40999549 5.53120992 0.75675313 -0.31017873 -0.45461081 0.07258955 -0.31357318 0.78278292 0.90914533 0.46536202 -5.39072417 2.54699182 0.92946765 2.80337755 1.76411024
-0.76028784 0.77244678 1.01927132 3.03433005 0.40833512 -0.54469282 -4.70945943 -0.68462177 0.80453919 -0.36811083 -0.37549738 -0.61153182 -0.61319324 -0.16115923 0.16192697 1.06064935 -4.21252786 0.24407811 -0.02225188 0.32279812
-0.13890957 0.32830631 -0.02658581 16.93486081 -0.64300933 -0.21090986 -17.33901382 0.09978754 0.92876512 0.54782482 -0.45194200 -0.72260536 0.72136685 0.90435972 -1.58352150 11.83235209 -10.14228457 0.16624546 -1.35183733 -2.36904122
0.83663354 -0.58190758 -0.27127225 -6.52349358 -0.63598394 -0.33469787 5.96205011 -0.29717883 0.33428225 -0.62167063 -0.33250342 -0.75210373 0.74704609 -0.51258902 -0.45272033 -2.55322369 3.42868813 -0.18242027 3.46222479 3.13068277
-0.50467782 0.70129023 -0.45630393 1.35682682 0.62414001 0.05118234 -2.84914855 0.62212417 -0.30486000 0.20558464 -0.98376840 0.91163517 -0.26594854 -0.11215114 -0.49932329 0.47568404 -2.75385292 -0.89640141 -1.65148904 0.51236177
-0.35079201 -0.12864655 0.53812796 12.58026199 0.00793776 -0.61150459 -12.49915498 -0.09337891 -0.53237411 0.54475098 -0.39595456 0.19501717 0.37307758 -0.91518586 -0.37228810 6.21476273 -8.10191732 -0.87643756 -4.41174240 -4.24400869
-0.75938295 0.42491487 0.21399654 -4.19651777 0.28448531 0.04302350 5.33619239 0.37071897 -0.37548354 -0.33655164 -0.78730111 0.42034873 -0.91740457 -0.56970353 0.08972057 -2.30384157 4.04408097 -0.76072935 3.50244247 4.43492011
0.55325181 0.33172145 0.14057492 2.37691520 -0.69308157 0.28744077 -3.11746749 0.51112043 0.68979752 0.03428267 -1.03996482 0.92180383 0.50155880 0.01031397 -0.70039165 -0.68207640 -1.29498874 0.27208508 -0.81876993 0.12709554
0.62866468 -1.24324264 0.86783924 8.78053815 0.19784394 -0.82372377 -10.30738862 0.03731407 -0.37175797 -0.28981000 -1.04686228 0.85722400 -0.35605118 -0.19013205 0.45993907 0.60476390 -6.88702509 0.73243077 -5.70712090 -5.95444609
0.72705661 -0.12409466 -0.06122125 -1.71900301 0.29695835 0.54684831 4.04973705 0.35239488 0.67120556 0.37922029 0.18575881 -0.38524796 0.68669048 -0.83706234 0.20705650 -0.10040000 5.63900063 0.61852357 4.29125425 3.93011714
-0.61198049 -0.68776646 -0.32458311 2.89294697 0.76124456 0.92931489 -2.77169976 0.05446526 -0.49622545 -0.22661202 0.71326800 0.65873877 -0.04275773 0.92713843 -0.60547346 -0.90559704 -1.65758702 0.14915910 -2.24310213 -1.69392948
0.28183266 0.54211649 0.04520067 10.59658003 0.11225954 0.98661079 -8.28291619 -0.82679881 0.82495526 0.67828472 -0.14268204 0.77516230 -0.20479535 -0.01282552 1.16097392 -2.55599143 -8.07265488 -0.17674979 -6.99225151 -7.19233471
0.13702491 0.39706937 0.30716316 -1.40457558 -0.26769205 0.29331809 0.89028827 0.97564319 0.32546901 0.40236752 0.21018290 -0.12984546 0.02052392 -0.84888464 0.92469951 0.92025684 5.43572037 -0.49501893 4.51966534 5.53415348
-0.42616166 -0.07853908 -0.67069407 3.41711502 0.15709393 -0.85942189 -2.51443589 -0.16873008 0.35157955 0.15486796 -0.07312331 0.01740379 0.82400542 0.34029218 1.08719295 -0.92228501 -0.76342907 -0.76267301 -1.69772164 -0.15308930
0.38668726 0.46416397 -0.40603484 9.68725513 0.45911126 0.37431663 -7.61013851 -0.11501989 0.23574433 0.31757506 0.66195673 -0.58006873 0.54852503 0.90486912 0.69881508 -3.08912648 -7.20704191 -0.61514805 -8.83243362 -8.81371399
0.04326210 0.66404725 0.84040380 -2.49640054 -0.74542187 0.33166418 3.00732714 -0.44801652 0.22927994 -0.55909355 0.00344082 0.54632914 -0.90483612 -0.56482401 0.26508138 1.27781584 5.73810351 0.05461427 5.78673473 5.37775049
-0.30272502 0.34742210 0.63916449 2.59064900 -0.29057425 0.83492119 -0.21831759 0.95953769 -1.13986334 0.66519922 -0.14907458 -0.40387006 0.96014587 -0.22062124 -0.46726880 -1.27695460 -1.13151349 0.28530882 -0.73925483 -0.61866941
0.50737827 -0.98987615 -0.89783323 6.12365173 0.28032910 0.97264765 -3.79350082 0.92995652 0.09193543 -0.76771867 0.67639960 0.04228268 0.99372396 -0.78517172 -0.49539217 -5.60640715 -7.68036804 0.86683303 -8.70547701 -12.95555791
0.05115955 0.35933246 -0.38907060 -1.67284635 -0.08342139 -0.83058387 -0.83590050 0.08062435 0.67241053 0.43977186 -1.04540133 -0.52741823 0.81411161 0.65890344 -1.01431899 -0.35903193 4.67176338 0.67715071 5.97028441 6.06445651
-0.02213703 1.21929053 0.44393423 0.43337934 -0.21936363 0.87367938 -2.26714734 -0.61940638 -0.89641466 0.62894238 0.46196206 0.49411430 -0.88199826 0.20909366 -0.39319831 -2.88728837 -2.24886619 -0.55379646 -1.71169494 -2.53113391
-0.94633376 1.25708849 -0.07480674 0.37053478 -0.35028960 -0.51376269 -2.30148934 0.48380770 -0.70546289 -0.58003872 -1.02881717 0.46027424 0.27762707 -0.77999875 0.20803171 -8.86709380 -9.62605186 0.44735547 -12.37731201 -15.21691902
0.64050800 1.13883473 -0.08732893 0.59571142 0.76875575 0.00798553 -1.75727168 -0.85717204 0.67280769 0.86995671 -0.53209565 0.27718068 -0.26622196 -0.63011769 -1.12827441 2.91557875 2.81523746 -0.36311785 7.01129357 7.57225699
-0.62150663 0.11821314 0.98390902 -1.04487214 -0.76828862 -0.54975303 0.50725852 -0.27252813 0.25598888 -0.88373485 -0.61969455 0.66472303 0.99910700 0.06829544 0.13177773 -4.10881423 -3.49482109 -0.46803897 -4.71531972 -2.67122315
-0.99217901 -0.38620099 -0.39881847 -1.64835580 -0.69080748 -0.47167629 3.48523592 0.14894545 0.24550585 0.14056195 -0.18834250 -0.46136835 0.83480614 0.38408478 1.25261715 -10.07614974 -13.19197192 0.66178317 -18.13567794 -17.98933347
-1.85860810 1.92510178 -1.34972226 -0.26585883
-0.36826546 1.18484810 -0.39200287 -1.46292636
-0.43666557 -0.91551731 0.78803222 1.26023309
-0.59900160 -1.72479517 3.53218905 0.60975209
0.40599120 -1.21348415 1.24382297 -1.17972379
0.75346448 0.43313727 -1.50177962 0.67330779
0.69193345 3.20273800 -1.41819052 -0.71468713
-0.90763727 -0.69572176 0.66691249 -2.35998469
-0.82631481 -0.40645978 0.84565504 0.08137903
-1.03960865 0.65078330 -0.29803601 -0.86596511
-0.18191958 -1.60000840 0.79565711 0.22369373
-2.14200766 0.08954873 -0.58057621 -1.45101525
-0.06264837 -2.18463239 1.31968687 0.52352204
-0.77849131 0.30168752 -1.09872079 -0.78714831
-0.89973054 0.47207192 -0.15959646 -0.80345847
-2.39626033 0.22292516 -1.60760855 3.09246970
2.04114639 -1.16957887 0.16142340 -1.40193568
-0.30578586 1.01567007 -0.23188120 -0.72073349
1.14188281 -1.71228727 -1.61256919 1.27625186
2.46599465 -1.39686386 -1.95114800 2.61884185
